255 255 255 255 255 255 255 255 255 255 255 255 255 255 255 255
255 255 255 255 255 255 255 255 255 255 255 255 255 255 255 255
255 255   0   0   0   0   0   0   0   0   0   0   0   0 255 255
255 255   0   0   0   0   0   0   0   0   0   0   0   0 255 255
255 255   0   0 255 255 255 255 255 255 255 255   0   0 255 255
255 255   0   0   0 255 255 255 255 255 255   0   0   0 255 255
255 255   0   0   0 255 255 255 255 255 255   0   0   0 255 255
255 255   0   0 255 255 255 255 255 255 255 255   0   0 255 255
255 255   0   0 255 255 255 255 255 255 255 255   0   0 255 255
255 255   0   0   0   0   0 255 255 255 255 255   0   0 255 255
255 255   0   0   0   0   0 255 255 255 255 255   0   0 255 255
255 255   0   0 255   0   0 255 255   0   0 255   0   0 255 255
255 255   0   0   0   0   0   0   0   0   0   0   0   0 255 255
255 255   0   0   0   0   0   0   0   0   0   0   0   0 255 255
255 255 255 255 255 255 255 255 255 255 255 255 255 255 255 255
255 255 255 255 255 255 255 255 255 255 255 255 255 255 255 255
255 255 255 255 255 255 255 255 255 255 255 255 255 255 255 255
255 255 255 255 255 255 255 255 255 255 255 255 255 255 255 255
255 255   0   0   0   0   0   0   0   0   0   0   0   0 255 255
255 255   0   0   0   0   0   0   0   0   0   0   0   0 255 255
255 255   0   0 255 255 255 255 255 255 255 255   0   0 255 255
255 255   0   0   0 255 255 255 255 255 255   0   0   0 255 255
255 255   0   0   0 255 255 255 255 255 255   0   0   0 255 255
255 255   0   0 255 255 255 255 255 255 255 255   0   0 255 255
255 255   0   0 255 255 255 255 255 255 255 255   0   0 255 255
255 255   0   0   0   0   0 255 255 255 255 255   0   0 255 255
255 255   0   0   0   0   0 255 255 255 255 255   0   0 255 255
255 255   0   0 255   0   0 255 255   0   0 255   0   0 255 255
255 255   0   0   0   0   0   0   0   0   0   0   0   0 255 255
255 255   0   0   0   0   0   0   0   0   0   0   0   0 255 255
255 255 255 255 255 255 255 255 255 255 255 255 255 255 255 255
255 255 255 255 255 255 255 255 255 255 255 255 255 255 255 255
255 255 255 255 255 255 255 255 255 255 255 255 255 255 255 255
255 255 255 255 255 255 255 255 255 255 255 255 255 255 255 255
255 255   0   0   0   0   0   0   0   0   0   0   0   0 255 255
255 255   0   0   0   0   0   0   0   0   0   0   0   0 255 255
255 255   0   0 255 255 255 255 255 255 255 255   0   0 255 255
255 255   0   0   0 255 255 255 255 255 255   0   0   0 255 255
255 255   0   0   0 255 255 255 255 255 255   0   0   0 255 255
255 255   0   0 255 255 255 255 255 255 255 255   0   0 255 255
255 255   0   0 255 255 255 255 255 255 255 255   0   0 255 255
255 255   0   0   0   0   0 255 255 255 255 255   0   0 255 255
255 255   0   0   0   0   0 255 255 255 255 255   0   0 255 255
255 255   0   0 255   0   0 255 255   0   0 255   0   0 255 255
255 255   0   0   0   0   0   0   0   0   0   0   0   0 255 255
255 255   0   0   0   0   0   0   0   0   0   0   0   0 255 255
255 255 255 255 255 255 255 255 255 255 255 255 255 255 255 255
255 255 255 255 255 255 255 255 255 255 255 255 255 255 255 255

255 255 255 255 255 255 255 255 255 255 255 255 255 255 255 255
255 234 187 183 183 183 183 183 183 183 183 183 183 187 234 255
255 187  25  12  12  12  12  12  12  12  12  12  12  25 187 255
255 183  12  50 111  42  15  89 118 118 118 113  55  12 183 255
255 183  12 102 229  88  33 185 244 244 243 230 112  12 183 255
255 183  12 107 241 196 176 233 255 253 196  88  42  12 183 255
255 183  12 107 242 253 252 254 255 252 176  33  15  12 183 255
255 183  12 107 242 255 255 255 255 254 233 185  89  12 183 255
255 183  12 107 242 255 255 255 240 200 193 185  89  12 183 255
255 183  12 107 242 253 252 254 200  55  30  30  15  12 183 255
255 183  12 107 241 196 176 233 193  30  32  85  42  12 183 255
255 183  12 101 227  87  32 184 183  30  84 226 111  12 183 255
255 183  12  44  99  37  13  80  80  13  37 100  50  12 183 255
255 187  25  12  12  12  12  12  12  12  12  12  12  25 187 255
255 234 187 183 183 183 183 183 183 183 183 183 183 187 234 255
255 255 255 255 255 255 255 255 255 255 255 255 255 255 255 255
255 255 255 255 255 255 255 255 255 255 255 255 255 255 255 255
255 234 187 183 183 183 183 183 183 183 183 183 183 187 234 255
255 187  25  12  12  12  12  12  12  12  12  12  12  25 187 255
255 183  12  50 111  42  15  89 118 118 118 113  55  12 183 255
255 183  12 102 229  88  33 185 244 244 243 230 112  12 183 255
255 183  12 107 241 196 176 233 255 253 196  88  42  12 183 255
255 183  12 107 242 253 252 254 255 252 176  33  15  12 183 255
255 183  12 107 242 255 255 255 255 254 233 185  89  12 183 255
255 183  12 107 242 255 255 255 240 200 193 185  89  12 183 255
255 183  12 107 242 253 252 254 200  55  30  30  15  12 183 255
255 183  12 107 241 196 176 233 193  30  32  85  42  12 183 255
255 183  12 101 227  87  32 184 183  30  84 226 111  12 183 255
255 183  12  44  99  37  13  80  80  13  37 100  50  12 183 255
255 187  25  12  12  12  12  12  12  12  12  12  12  25 187 255
255 234 187 183 183 183 183 183 183 183 183 183 183 187 234 255
255 255 255 255 255 255 255 255 255 255 255 255 255 255 255 255
255 255 255 255 255 255 255 255 255 255 255 255 255 255 255 255
255 234 187 183 183 183 183 183 183 183 183 183 183 187 234 255
255 187  25  12  12  12  12  12  12  12  12  12  12  25 187 255
255 183  12  50 111  42  15  89 118 118 118 113  55  12 183 255
255 183  12 102 229  88  33 185 244 244 243 230 112  12 183 255
255 183  12 107 241 196 176 233 255 253 196  88  42  12 183 255
255 183  12 107 242 253 252 254 255 252 176  33  15  12 183 255
255 183  12 107 242 255 255 255 255 254 233 185  89  12 183 255
255 183  12 107 242 255 255 255 240 200 193 185  89  12 183 255
255 183  12 107 242 253 252 254 200  55  30  30  15  12 183 255
255 183  12 107 241 196 176 233 193  30  32  85  42  12 183 255
255 183  12 101 227  87  32 184 183  30  84 226 111  12 183 255
255 183  12  44  99  37  13  80  80  13  37 100  50  12 183 255
255 187  25  12  12  12  12  12  12  12  12  12  12  25 187 255
255 234 187 183 183 183 183 183 183 183 183 183 183 187 234 255
255 255 255 255 255 255 255 255 255 255 255 255 255 255 255 255

255 255 255 255 255 255 255 255 255 255 255 255 255 255 255 255
255 232 184 180 180 180 180 180 180 180 180 180 180 184 234 255
255 184  23  11  11  11  11  11  11  11  11  11  11  24 189 255
255 180  11  59 115  41  15  93  91  14  44 114  49  13 185 255
255 180  11 117 231  85  33 187 182  29  87 225  97  13 185 255
255 180  11 122 243 197 178 234 190  28  31  81  34  13 185 255
255 180  11 122 244 253 252 254 198  54  31  30  13  13 185 255
255 180  11 122 244 255 255 255 239 202 195 184  78  13 185 255
255 180  11  91 183 232 254 255 255 254 231 180  76  13 185 255
255 180  11  14  31 177 252 255 255 252 172  30  12  13 185 255
255 180  11  44  90 199 253 255 255 253 195  89  37  13 185 255
255 180  11 114 228 240 241 241 241 241 240 225  95  13 185 255
255 180  11  49  98 103 103 103 103 103 103  97  41  13 185 255
255 184  24  13  13  13  13  13  13  13  13  13  13  25 189 255
255 234 189 185 185 185 185 185 185 185 185 185 185 189 235 255
255 255 255 255 255 255 255 255 255 255 255 255 255 255 255 255
255 255 255 255 255 255 255 255 255 255 255 255 255 255 255 255
255 232 184 180 180 180 180 180 180 180 180 180 180 184 234 255
255 184  23  11  11  11  11  11  11  11  11  11  11  24 189 255
255 180  11  59 115  41  15  93  91  14  44 114  49  13 185 255
255 180  11 117 231  85  33 187 182  29  87 225  97  13 185 255
255 180  11 122 243 197 178 234 190  28  31  81  34  13 185 255
255 180  11 122 244 253 252 254 198  54  31  30  13  13 185 255
255 180  11 122 244 255 255 255 239 202 195 184  78  13 185 255
255 180  11  91 183 232 254 255 255 254 231 180  76  13 185 255
255 180  11  14  31 177 252 255 255 252 172  30  12  13 185 255
255 180  11  44  90 199 253 255 255 253 195  89  37  13 185 255
255 180  11 114 228 240 241 241 241 241 240 225  95  13 185 255
255 180  11  49  98 103 103 103 103 103 103  97  41  13 185 255
255 184  24  13  13  13  13  13  13  13  13  13  13  25 189 255
255 234 189 185 185 185 185 185 185 185 185 185 185 189 235 255
255 255 255 255 255 255 255 255 255 255 255 255 255 255 255 255
255 255 255 255 255 255 255 255 255 255 255 255 255 255 255 255
255 232 184 180 180 180 180 180 180 180 180 180 180 184 234 255
255 184  23  11  11  11  11  11  11  11  11  11  11  24 189 255
255 180  11  59 115  41  15  93  91  14  44 114  49  13 185 255
255 180  11 117 231  85  33 187 182  29  87 225  97  13 185 255
255 180  11 122 243 197 178 234 190  28  31  81  34  13 185 255
255 180  11 122 244 253 252 254 198  54  31  30  13  13 185 255
255 180  11 122 244 255 255 255 239 202 195 184  78  13 185 255
255 180  11  91 183 232 254 255 255 254 231 180  76  13 185 255
255 180  11  14  31 177 252 255 255 252 172  30  12  13 185 255
255 180  11  44  90 199 253 255 255 253 195  89  37  13 185 255
255 180  11 114 228 240 241 241 241 241 240 225  95  13 185 255
255 180  11  49  98 103 103 103 103 103 103  97  41  13 185 255
255 184  24  13  13  13  13  13  13  13  13  13  13  25 189 255
255 234 189 185 185 185 185 185 185 185 185 185 185 189 235 255
255 255 255 255 255 255 255 255 255 255 255 255 255 255 255 255

255 255 255 255 255 255 255 255 255 255 255 255 255 255 255 255
255 234 187 183 183 183 183 183 183 183 183 183 183 187 234 255
255 187  25  12  12  12  12  12  12  12  12  12  12  25 187 255
255 183  12  50 100  37  13  80  80  13  37  99  44  12 183 255
255 183  12 111 226  84  30 183 184  32  87 227 101  12 183 255
255 183  12  42  85  32  30 193 233 176 196 241 107  12 183 255
255 183  12  15  30  30  55 200 254 252 253 242 107  12 183 255
255 183  12  89 185 193 200 240 255 255 255 242 107  12 183 255
255 183  12  89 185 233 254 255 255 255 255 242 107  12 183 255
255 183  12  15  33 176 252 255 254 252 253 242 107  12 183 255
255 183  12  42  88 196 253 255 233 176 196 241 107  12 183 255
255 183  12 112 230 243 244 244 185  33  88 229 102  12 183 255
255 183  12  55 113 118 118 118  89  15  42 111  50  12 183 255
255 187  25  12  12  12  12  12  12  12  12  12  12  25 187 255
255 234 187 183 183 183 183 183 183 183 183 183 183 187 234 255
255 255 255 255 255 255 255 255 255 255 255 255 255 255 255 255
255 255 255 255 255 255 255 255 255 255 255 255 255 255 255 255
255 234 187 183 183 183 183 183 183 183 183 183 183 187 234 255
255 187  25  12  12  12  12  12  12  12  12  12  12  25 187 255
255 183  12  50 100  37  13  80  80  13  37  99  44  12 183 255
255 183  12 111 226  84  30 183 184  32  87 227 101  12 183 255
255 183  12  42  85  32  30 193 233 176 196 241 107  12 183 255
255 183  12  15  30  30  55 200 254 252 253 242 107  12 183 255
255 183  12  89 185 193 200 240 255 255 255 242 107  12 183 255
255 183  12  89 185 233 254 255 255 255 255 242 107  12 183 255
255 183  12  15  33 176 252 255 254 252 253 242 107  12 183 255
255 183  12  42  88 196 253 255 233 176 196 241 107  12 183 255
255 183  12 112 230 243 244 244 185  33  88 229 102  12 183 255
255 183  12  55 113 118 118 118  89  15  42 111  50  12 183 255
255 187  25  12  12  12  12  12  12  12  12  12  12  25 187 255
255 234 187 183 183 183 183 183 183 183 183 183 183 187 234 255
255 255 255 255 255 255 255 255 255 255 255 255 255 255 255 255
255 255 255 255 255 255 255 255 255 255 255 255 255 255 255 255
255 234 187 183 183 183 183 183 183 183 183 183 183 187 234 255
255 187  25  12  12  12  12  12  12  12  12  12  12  25 187 255
255 183  12  50 100  37  13  80  80  13  37  99  44  12 183 255
255 183  12 111 226  84  30 183 184  32  87 227 101  12 183 255
255 183  12  42  85  32  30 193 233 176 196 241 107  12 183 255
255 183  12  15  30  30  55 200 254 252 253 242 107  12 183 255
255 183  12  89 185 193 200 240 255 255 255 242 107  12 183 255
255 183  12  89 185 233 254 255 255 255 255 242 107  12 183 255
255 183  12  15  33 176 252 255 254 252 253 242 107  12 183 255
255 183  12  42  88 196 253 255 233 176 196 241 107  12 183 255
255 183  12 112 230 243 244 244 185  33  88 229 102  12 183 255
255 183  12  55 113 118 118 118  89  15  42 111  50  12 183 255
255 187  25  12  12  12  12  12  12  12  12  12  12  25 187 255
255 234 187 183 183 183 183 183 183 183 183 183 183 187 234 255
255 255 255 255 255 255 255 255 255 255 255 255 255 255 255 255
